24 122 25 123
24 123 25 124
25 123 26 124
26 123 27 124
25 124 26 125
26 124 27 125
25 125 26 126
26 125 27 126
25 126 26 127
26 126 27 127
25 127 26 128
26 127 27 128
27 127 28 128
28 127 29 128
29 127 30 128
30 127 31 128
31 127 32 128
25 128 26 129
26 128 27 129
27 128 28 129
28 128 29 129
29 128 30 129
30 128 31 129
31 128 32 129
32 128 33 129
33 128 34 129
34 128 35 129
25 129 26 130
26 129 27 130
27 129 28 130
28 129 29 130
29 129 30 130
30 129 31 130
31 129 32 130
32 129 33 130
33 129 34 130
34 129 35 130
25 130 26 131
26 130 27 131
27 130 28 131
28 130 29 131
29 130 30 131
30 130 31 131
31 130 32 131
32 130 33 131
33 130 34 131
34 130 35 131
25 131 26 132
26 131 27 132
27 131 28 132
28 131 29 132
29 131 30 132
30 131 31 132
31 131 32 132
32 131 33 132
33 131 34 132
34 131 35 132
35 131 36 132
36 131 37 132
25 132 26 133
26 132 27 133
27 132 28 133
28 132 29 133
29 132 30 133
30 132 31 133
31 132 32 133
32 132 33 133
33 132 34 133
34 132 35 133
35 132 36 133
36 132 37 133
25 133 26 134
26 133 27 134
27 133 28 134
28 133 29 134
29 133 30 134
30 133 31 134
31 133 32 134
32 133 33 134
33 133 34 134
34 133 35 134
35 133 36 134
36 133 37 134
25 134 26 135
26 134 27 135
27 134 28 135
28 134 29 135
29 134 30 135
30 134 31 135
31 134 32 135
32 134 33 135
33 134 34 135
34 134 35 135
35 134 36 135
36 134 37 135
25 135 26 136
26 135 27 136
27 135 28 136
28 135 29 136
29 135 30 136
30 135 31 136
31 135 32 136
32 135 33 136
33 135 34 136
34 135 35 136
35 135 36 136
36 135 37 136
25 136 26 137
26 136 27 137
27 136 28 137
28 136 29 137
29 136 30 137
30 136 31 137
31 136 32 137
32 136 33 137
33 136 34 137
34 136 35 137
35 136 36 137
36 136 37 137
37 136 38 137
38 136 39 137
39 136 40 137
25 137 26 138
26 137 27 138
27 137 28 138
28 137 29 138
29 137 30 138
30 137 31 138
31 137 32 138
32 137 33 138
33 137 34 138
34 137 35 138
35 137 36 138
36 137 36.5 138 #データが多いため2分割
36.5 137 37 138 #データが多いため2分割
37 137 38 138
38 137 39 138
39 137 40 138
25 138 26 139
26 138 27 139
27 138 28 139
28 138 29 139
29 138 30 139
30 138 31 139
31 138 32 139
32 138 33 139
33 138 34 139
34 138 35 139
35 138 36 139
36 138 37 139
37 138 38 139
38 138 39 139
39 138 40 139
25 139 26 140
26 139 27 140
27 139 28 140
28 139 29 140
29 139 30 140
30 139 31 140
31 139 32 140
32 139 33 140
33 139 34 140
34 139 35 140
35 139 36 140
36 139 37 140
37 139 38 140
38 139 39 140
39 139 40 140
40 139 41 140
41 139 42 140
42 139 43 140
43 139 44 140
44 139 45 140
45 139 46 140
25 140 26 141
26 140 27 141
27 140 28 141
28 140 29 141
29 140 30 141
30 140 31 141
31 140 32 141
32 140 33 141
33 140 34 141
34 140 35 141
35 140 36 141
36 140 37 141
37 140 38 141
38 140 39 141
39 140 40 141
40 140 41 141
41 140 42 141
42 140 43 141
43 140 44 141
44 140 45 141
45 140 46 141
25 141 26 142
26 141 27 142
27 141 28 142
28 141 29 142
29 141 30 142
30 141 31 142
31 141 32 142
32 141 33 142
33 141 34 142
34 141 35 142
35 141 36 142
36 141 37 142
37 141 38 142
38 141 39 142
39 141 40 142
40 141 41 142
41 141 42 142
42 141 43 142
43 141 44 142
44 141 45 142
45 141 46 142
25 142 26 143
26 142 27 143
27 142 28 143
28 142 29 143
29 142 30 143
30 142 31 143
31 142 32 143
32 142 33 143
33 142 34 143
34 142 35 143
35 142 36 143
36 142 37 143
37 142 38 143
38 142 39 143
39 142 40 143
40 142 41 143
41 142 42 143
42 142 43 143
43 142 44 143
44 142 45 143
45 142 46 143
25 143 26 144
26 143 27 144
27 143 28 144
28 143 29 144
29 143 30 144
30 143 31 144
31 143 32 144
32 143 33 144
33 143 34 144
34 143 35 144
35 143 36 144
36 143 37 144
37 143 38 144
38 143 39 144
39 143 40 144
40 143 41 144
41 143 42 144
42 143 43 144
43 143 44 144
44 143 45 144
45 143 46 144
25 144 26 145
26 144 27 145
27 144 28 145
28 144 29 145
29 144 30 145
30 144 31 145
31 144 32 145
32 144 33 145
33 144 34 145
34 144 35 145
35 144 36 145
36 144 37 145
37 144 38 145
38 144 39 145
39 144 40 145
40 144 41 145
41 144 42 145
42 144 43 145
43 144 44 145
44 144 45 145
45 144 46 145
25 145 26 146
26 145 27 146
27 145 28 146
28 145 29 146
29 145 30 146
30 145 31 146
31 145 32 146
32 145 33 146
33 145 34 146
34 145 35 146
35 145 36 146
36 145 37 146
37 145 38 146
38 145 39 146
39 145 40 146
40 145 41 146
41 145 42 146
42 145 43 146
43 145 44 146
44 145 45 146
45 145 46 146
